/*--------------------------------*- C++ -*----------------------------------*\
|       o        |                                                            |
|    o     o     |  HELYX (R) : Open-source CFD for Enterprise                |
|   o   O   o    |  Version : 4.4.0                                           |
|    o     o     |  ENGYS Ltd. <http://engys.com/>                            |
|       o        |                                                            |
\*---------------------------------------------------------------------------*/
FoamFile
{
    version     2.0;
    format      ascii;
    class       cellSet;
    object      patchCells;
}
// * * * * * * * * * * * * * * * * * * * * * * * * * * * * * * * * * * * * * //


618
(
139099
139105
139109
139117
139122
139127
139130
139133
139145
139162
139164
139182
139184
139190
139192
139237
139262
139264
139270
139272
139293
139298
139337
139338
139339
139350
139366
139373
139386
139445
139447
139500
139517
139525
139529
139535
139541
139551
139553
139557
139563
139566
139568
139570
139572
139583
139594
139596
139605
139610
139622
139626
139629
139633
139639
139640
139641
139667
139668
139698
139773
139821
139833
139851
139864
139871
139872
139873
139874
139878
139924
139929
139930
139935
139936
139943
139947
139948
139954
139957
139958
139969
139971
139973
139979
139980
139981
139982
140001
140002
140022
140024
140028
140048
140094
140098
140185
140186
140197
140198
140201
140202
140229
140243
140263
140303
140304
140338
140421
140491
140492
140529
140537
140538
140551
140573
140574
140613
140614
140615
140616
140631
140647
140648
140649
140650
140651
140655
140656
140686
140848
140884
140913
140914
140931
140962
141025
141026
141037
141038
141048
141061
141062
141083
141084
141086
141115
141292
141429
141430
141443
141470
141529
141530
142085
142086
142137
142251
142252
142326
142460
142524
142612
142621
142622
143234
143240
143471
143664
145218
145741
197761
197762
197763
197764
197765
197766
197767
197768
197769
197770
197772
197773
197774
197775
197776
197777
197778
197779
197780
197781
197782
197783
197784
197785
197786
197787
197788
197790
197791
197792
197794
197795
197796
197798
197799
197800
197801
197802
197804
197805
197806
197807
197809
197810
197811
197812
197813
197814
197815
197816
197817
197818
197819
197820
197821
197823
197825
197826
197827
197828
197829
197830
197831
197832
197833
197834
197835
197836
197837
197839
197841
197842
197843
197844
197845
197846
197847
197848
197849
197850
197851
197853
197854
197855
197856
197857
197859
197860
197861
197862
197863
197864
197865
197867
197869
197870
197871
197872
197873
197875
197877
197878
197879
197880
197881
197882
197883
197884
197885
197886
197887
197888
197889
197890
197892
197893
197894
197895
197896
197898
197900
197901
197902
197903
197905
197906
197907
197910
197911
197913
197915
197916
197918
197919
197922
197925
197927
197928
197929
197930
197931
197933
197934
197935
197938
197939
197941
197942
197943
197947
197949
197951
197953
197954
197955
197957
197958
197959
197960
197962
197963
197965
197966
197967
197968
197969
197972
197973
197975
197976
197981
197984
197985
197988
197992
197993
197997
198000
198003
198005
198006
198007
198009
198011
198012
198013
198014
198016
198017
198019
198020
198021
198022
198023
198024
198025
198026
198027
198028
198029
198030
198031
198032
198033
198034
198035
198036
198037
198038
198039
198040
198041
198042
198043
198044
198045
198046
198047
198048
198049
198050
198051
198052
198053
198054
198055
198056
198057
198058
198059
198060
198061
198062
198063
198064
198065
198066
198067
198068
198069
198070
198071
198072
198073
198074
198075
198076
198077
198078
198079
198080
198081
198082
198083
198084
198085
198086
198087
198088
198089
198090
198091
198092
198093
198094
198095
198096
198097
198098
198100
198101
198102
198103
198105
198106
198109
198111
198112
198113
198114
198118
198120
198121
198122
198123
198124
198125
198126
198128
198130
198131
198133
198134
198135
198137
198139
198140
198141
198143
198144
198145
198146
198149
198150
198152
198154
198157
198161
198162
198163
198165
198166
198167
198168
198169
198170
198171
198172
198173
198176
198177
198178
198180
198181
198182
198183
198189
198190
198193
198194
198199
198200
198202
198203
198204
198205
198210
198213
198214
198215
198216
198217
198222
198223
198224
198225
198226
198227
198230
198231
198234
198236
198237
198238
198239
198240
198241
198242
198243
198244
198245
198246
198247
198253
198254
198255
198256
198257
198258
198259
198262
198263
198266
198267
198269
198273
198274
198275
198277
198278
198279
198283
198284
198285
198286
198287
198288
198289
198290
198291
198292
198296
198297
198298
198299
198300
198301
198302
198304
198310
198311
198312
198313
198315
198317
198319
198323
198326
198327
198329
198332
198334
198335
198336
198337
198338
198342
198343
198344
198345
198346
198347
198348
198350
198351
198355
198360
198362
198367
198372
198373
198376
198377
198379
198380
198381
198396
198397
198398
198399
198400
198401
198402
198403
198406
198407
198408
)


// ************************************************************************* //
