/*--------------------------------*- C++ -*----------------------------------*\
|       o        |                                                            |
|    o     o     |  HELYX (R) : Open-source CFD for Enterprise                |
|   o   O   o    |  Version : 4.4.0                                           |
|    o     o     |  ENGYS Ltd. <http://engys.com/>                            |
|       o        |                                                            |
\*---------------------------------------------------------------------------*/
FoamFile
{
    version     2.0;
    format      ascii;
    class       volVectorField;
    location    "0";
    object      hU;
}
// * * * * * * * * * * * * * * * * * * * * * * * * * * * * * * * * * * * * * //

dimensions      [0 2 -1 0 0 0 0];

internalField   nonuniform List<vector>
400
(
(0.001 0 0)
(0.001 0 0)
(0.001 0 0)
(0.001 0 0)
(0.001 0 0)
(0.001 0 0)
(0.001 0 0)
(0.001 0 0)
(0.001 0 0)
(0.001 0 0)
(0.001 0 0)
(0.001 0 0)
(0.001 0 0)
(0.001 0 0)
(0.001 0 0)
(0.001 0 0)
(0.001 0 0)
(0.001 0 0)
(0.001 0 0)
(0.001 0 0)
(0.001 0 0)
(0.001 0 0)
(0.001 0 0)
(0.001 0 0)
(0.001 0 0)
(0.001 0 0)
(0.001 0 0)
(0.001 0 0)
(0.001 0 0)
(0.001 0 0)
(0.001 0 0)
(0.001 0 0)
(0.001 0 0)
(0.001 0 0)
(0.001 0 0)
(0.001 0 0)
(0.001 0 0)
(0.001 0 0)
(0.001 0 0)
(0.001 0 0)
(0.001 0 0)
(0.001 0 0)
(0.001 0 0)
(0.001 0 0)
(0.001 0 0)
(0.001 0 0)
(0.001 0 0)
(0.001 0 0)
(0.001 0 0)
(0.001 0 0)
(0.001 0 0)
(0.001 0 0)
(0.001 0 0)
(0.001 0 0)
(0.001 0 0)
(0.001 0 0)
(0.001 0 0)
(0.001 0 0)
(0.001 0 0)
(0.001 0 0)
(0.001 0 0)
(0.001 0 0)
(0.001 0 0)
(0.001 0 0)
(0.001 0 0)
(0.001 0 0)
(0.001 0 0)
(0.001 0 0)
(0.001 0 0)
(0.001 0 0)
(0.001 0 0)
(0.001 0 0)
(0.001 0 0)
(0.001 0 0)
(0.001 0 0)
(0.001 0 0)
(0.001 0 0)
(0.001 0 0)
(0.001 0 0)
(0.001 0 0)
(0.001 0 0)
(0.001 0 0)
(0.001 0 0)
(0.001 0 0)
(0.001 0 0)
(0.001 0 0)
(0.001 0 0)
(0.001 0 0)
(0.001 0 0)
(0.001 0 0)
(0.001 0 0)
(0.001 0 0)
(0.001 0 0)
(0.001 0 0)
(0.001 0 0)
(0.001 0 0)
(0.001 0 0)
(0.001 0 0)
(0.001 0 0)
(0.001 0 0)
(0.001 0 0)
(0.001 0 0)
(0.001 0 0)
(0.001 0 0)
(0.001 0 0)
(0.001 0 0)
(0.001 0 0)
(0.001 0 0)
(0.001 0 0)
(0.001 0 0)
(0.001 0 0)
(0.001 0 0)
(0.001 0 0)
(0.001 0 0)
(0.001 0 0)
(0.001 0 0)
(0.001 0 0)
(0.001 0 0)
(0.001 0 0)
(0.001 0 0)
(0.001 0 0)
(0.001 0 0)
(0.001 0 0)
(0.001 0 0)
(0.001 0 0)
(0.001 0 0)
(0.001 0 0)
(0.001 0 0)
(0.001 0 0)
(0.001 0 0)
(0.001 0 0)
(0.001 0 0)
(0.001 0 0)
(0.001 0 0)
(0.001 0 0)
(0.001 0 0)
(0.001 0 0)
(0.001 0 0)
(0.001 0 0)
(0.001 0 0)
(0.001 0 0)
(0.001 0 0)
(0.001 0 0)
(0.001 0 0)
(0.001 0 0)
(0.001 0 0)
(0.001 0 0)
(0.001 0 0)
(0.001 0 0)
(0.001 0 0)
(0.001 0 0)
(0.001 0 0)
(0.001 0 0)
(0.001 0 0)
(0.001 0 0)
(0.001 0 0)
(0.001 0 0)
(0.001 0 0)
(0.001 0 0)
(0.001 0 0)
(0.001 0 0)
(0.001 0 0)
(0.001 0 0)
(0.001 0 0)
(0.001 0 0)
(0.001 0 0)
(0.001 0 0)
(0.001 0 0)
(0.001 0 0)
(0.001 0 0)
(0.001 0 0)
(0.001 0 0)
(0.001 0 0)
(0.001 0 0)
(0.001 0 0)
(0.001 0 0)
(0.001 0 0)
(0.001 0 0)
(0.001 0 0)
(0.001 0 0)
(0.001 0 0)
(0.001 0 0)
(0.001 0 0)
(0.001 0 0)
(0.001 0 0)
(0.001 0 0)
(0.001 0 0)
(0.001 0 0)
(0.001 0 0)
(0.0009 0 0)
(0.0009 0 0)
(0.001 0 0)
(0.001 0 0)
(0.001 0 0)
(0.001 0 0)
(0.001 0 0)
(0.001 0 0)
(0.001 0 0)
(0.001 0 0)
(0.001 0 0)
(0.001 0 0)
(0.001 0 0)
(0.001 0 0)
(0.001 0 0)
(0.001 0 0)
(0.001 0 0)
(0.001 0 0)
(0.001 0 0)
(0.001 0 0)
(0.0009 0 0)
(0.0009 0 0)
(0.001 0 0)
(0.001 0 0)
(0.001 0 0)
(0.001 0 0)
(0.001 0 0)
(0.001 0 0)
(0.001 0 0)
(0.001 0 0)
(0.001 0 0)
(0.001 0 0)
(0.001 0 0)
(0.001 0 0)
(0.001 0 0)
(0.001 0 0)
(0.001 0 0)
(0.001 0 0)
(0.001 0 0)
(0.001 0 0)
(0.001 0 0)
(0.001 0 0)
(0.001 0 0)
(0.001 0 0)
(0.001 0 0)
(0.001 0 0)
(0.001 0 0)
(0.001 0 0)
(0.001 0 0)
(0.001 0 0)
(0.001 0 0)
(0.001 0 0)
(0.001 0 0)
(0.001 0 0)
(0.001 0 0)
(0.001 0 0)
(0.001 0 0)
(0.001 0 0)
(0.001 0 0)
(0.001 0 0)
(0.001 0 0)
(0.001 0 0)
(0.001 0 0)
(0.001 0 0)
(0.001 0 0)
(0.001 0 0)
(0.001 0 0)
(0.001 0 0)
(0.001 0 0)
(0.001 0 0)
(0.001 0 0)
(0.001 0 0)
(0.001 0 0)
(0.001 0 0)
(0.001 0 0)
(0.001 0 0)
(0.001 0 0)
(0.001 0 0)
(0.001 0 0)
(0.001 0 0)
(0.001 0 0)
(0.001 0 0)
(0.001 0 0)
(0.001 0 0)
(0.001 0 0)
(0.001 0 0)
(0.001 0 0)
(0.001 0 0)
(0.001 0 0)
(0.001 0 0)
(0.001 0 0)
(0.001 0 0)
(0.001 0 0)
(0.001 0 0)
(0.001 0 0)
(0.001 0 0)
(0.001 0 0)
(0.001 0 0)
(0.001 0 0)
(0.001 0 0)
(0.001 0 0)
(0.001 0 0)
(0.001 0 0)
(0.001 0 0)
(0.001 0 0)
(0.001 0 0)
(0.001 0 0)
(0.001 0 0)
(0.001 0 0)
(0.001 0 0)
(0.001 0 0)
(0.001 0 0)
(0.001 0 0)
(0.001 0 0)
(0.001 0 0)
(0.001 0 0)
(0.001 0 0)
(0.001 0 0)
(0.001 0 0)
(0.001 0 0)
(0.001 0 0)
(0.001 0 0)
(0.001 0 0)
(0.001 0 0)
(0.001 0 0)
(0.001 0 0)
(0.001 0 0)
(0.001 0 0)
(0.001 0 0)
(0.001 0 0)
(0.001 0 0)
(0.001 0 0)
(0.001 0 0)
(0.001 0 0)
(0.001 0 0)
(0.001 0 0)
(0.001 0 0)
(0.001 0 0)
(0.001 0 0)
(0.001 0 0)
(0.001 0 0)
(0.001 0 0)
(0.001 0 0)
(0.001 0 0)
(0.001 0 0)
(0.001 0 0)
(0.001 0 0)
(0.001 0 0)
(0.001 0 0)
(0.001 0 0)
(0.001 0 0)
(0.001 0 0)
(0.001 0 0)
(0.001 0 0)
(0.001 0 0)
(0.001 0 0)
(0.001 0 0)
(0.001 0 0)
(0.001 0 0)
(0.001 0 0)
(0.001 0 0)
(0.001 0 0)
(0.001 0 0)
(0.001 0 0)
(0.001 0 0)
(0.001 0 0)
(0.001 0 0)
(0.001 0 0)
(0.001 0 0)
(0.001 0 0)
(0.001 0 0)
(0.001 0 0)
(0.001 0 0)
(0.001 0 0)
(0.001 0 0)
(0.001 0 0)
(0.001 0 0)
(0.001 0 0)
(0.001 0 0)
(0.001 0 0)
(0.001 0 0)
(0.001 0 0)
(0.001 0 0)
(0.001 0 0)
(0.001 0 0)
(0.001 0 0)
(0.001 0 0)
(0.001 0 0)
(0.001 0 0)
(0.001 0 0)
(0.001 0 0)
(0.001 0 0)
(0.001 0 0)
(0.001 0 0)
(0.001 0 0)
(0.001 0 0)
(0.001 0 0)
(0.001 0 0)
(0.001 0 0)
(0.001 0 0)
(0.001 0 0)
(0.001 0 0)
(0.001 0 0)
(0.001 0 0)
(0.001 0 0)
(0.001 0 0)
(0.001 0 0)
(0.001 0 0)
(0.001 0 0)
(0.001 0 0)
(0.001 0 0)
)
;

boundaryField
{
    sides
    {
        type            slip;
    }
    inlet
    {
        type            fixedValue;
        value           uniform (0.001 0 0);
    }
    outlet
    {
        type            zeroGradient;
    }
    frontAndBack
    {
        type            empty;
    }
}


// ************************************************************************* //
