/*--------------------------------*- C++ -*----------------------------------*\
|       o        |                                                            |
|    o     o     |  HELYX (R) : Open-source CFD for Enterprise                |
|   o   O   o    |  Version : 4.4.0                                           |
|    o     o     |  ENGYS Ltd. <http://engys.com/>                            |
|       o        |                                                            |
\*---------------------------------------------------------------------------*/
FoamFile
{
    version     2.0;
    format      ascii;
    class       cellSet;
    object      patchCells;
}
// * * * * * * * * * * * * * * * * * * * * * * * * * * * * * * * * * * * * * //


200
(
0
199
200
399
400
599
600
799
800
999
1000
1199
1200
1399
1400
1599
1600
1799
1800
1999
2000
2199
2200
2399
2400
2599
2600
2799
2800
2999
3000
3199
3200
3399
3400
3599
3600
3799
3800
3999
4000
4199
4200
4399
4400
4599
4600
4799
4800
4999
5000
5199
5200
5399
5400
5599
5600
5799
5800
5999
6000
6199
6200
6399
6400
6599
6600
6799
6800
6999
7000
7199
7200
7399
7400
7599
7600
7799
7800
7999
8000
8193
8194
8383
8384
8569
8570
8753
8754
8937
8938
9119
9120
9301
9302
9481
9482
9661
9662
9841
9842
10021
10022
10201
10202
10381
10382
10563
10564
10745
10746
10929
10930
11113
11114
11299
11300
11489
11490
11683
11684
11883
11884
12083
12084
12283
12284
12483
12484
12683
12684
12883
12884
13083
13084
13283
13284
13483
13484
13683
13684
13883
13884
14083
14084
14283
14284
14483
14484
14683
14684
14883
14884
15083
15084
15283
15284
15483
15484
15683
15684
15883
15884
16083
16084
16283
16284
16483
16484
16683
16684
16883
16884
17083
17084
17283
17284
17483
17484
17683
17684
17883
17884
18083
18084
18283
18284
18483
18484
18683
18684
18883
18884
19083
19084
19283
19284
19483
19484
19683
)


// ************************************************************************* //
