(	30.0		0.0		0.0	)	;
( 	29.99543085	0.523572193 	0.0 	)	;
(	29.98172481	1.046984901 	0.0	)	;
(	29.95888604	1.570078687 	0.0	)	;
(	29.92692151	2.092694212	0.0 	)	;
(	29.88584094	2.614672282	0.0	)	;
(	29.83565686	3.135853898 	0.0	)	;
(	29.77638455	3.656080302 	0.0	)	;
(	29.70804206	4.175193029 	0.0	)	;
(	29.63065022	4.693033951 	0.0	)	;
(	29.54423259	5.20944533	0.0	)	;
(	29.4488155	5.724269861 	0.0	)	;
(	29.34442802	6.237350725 	0.0	)	;
(	29.23110194	6.74853163 	0.0	)	;
(	29.10887179	7.257656868	0.0 	)	;
(	28.97777479	7.764571353 	0.0	)	;
(	28.83785088	8.269120675 	0.0	)	;
(	28.68914268	8.771151142	0.0	)	;
(	28.531695490 	9.270509831 	0.0	)	;
(	28.36555727	9.767044634	0.0	)	;
(	28.19077862	10.2606043	0.0 	)	;
(	28.00741279	10.75103849 	0.0	)	;
(	27.81551564	11.2381978 	0.0	)	;
(	27.6151456	11.72193385 	0.0	)	;
(	27.40636373	12.20209929	0.0 	)	;
(	27.18923361	12.67854785 	0.0	)	;
(	26.96382139	13.1511344 	0.0	)	;
(	26.73019573	13.61971499	0.0	)	;
(	26.48842779	14.08414688	0.0	)	;
(	26.23859121	14.54428861	0.0	)	;
(	25.98076211	15		0.0 	)	;
(	25.71501902	15.45114225	0.0	)	;
(	25.44144288	15.89757793 	0.0	)	;
(	25.16011704	16.33917105 	0.0	)	;
(	24.87112718	16.7757871 	0.0	)	;
(	24.57456133	17.20729309 	0.0	)	;
