name ENGYS_DEFAULT;
colorSpace LAB;
hsvWrap false;
points
(
);
colors
(
    ( 0.32549 0.14902000000000001 0.96078399999999997 )
    ( 0.29704700000000001 0.37558599999999998 0.96383600000000003 )
    ( 0.18030199999999999 0.53681800000000002 0.96462700000000001 )
    ( 0.13020000000000001 0.64920699999999998 0.929647 )
    ( 0.0445143 0.74965400000000004 0.85599800000000004 )
    ( 0.0271325 0.83071300000000003 0.72152700000000003 )
    ( 0.25950400000000001 0.86614500000000005 0.54355500000000001 )
    ( 0.42836400000000002 0.89072499999999999 0.32981899999999997 )
    ( 0.56850299999999998 0.89850799999999997 0.18762300000000001 )
    ( 0.738259 0.89031700000000003 0.082546099999999997 )
    ( 0.84545999999999999 0.86136000000000001 0.0147555 )
    ( 0.91219099999999997 0.80801800000000001 0 )
    ( 0.96284800000000004 0.71044499999999999 0 )
    ( 0.99946900000000005 0.60025799999999996 0.017628399999999999 )
    ( 0.99415600000000004 0.44597500000000001 0.193912 )
    ( 0.98040700000000003 0.24710499999999999 0.26269900000000002 )
);