# Time           	massFlux         	Umin             	Umax             	Umean            	UstDev           	pmin             	pmax             	pmean            	pstDev           
1 12.62627201 50.20638153 102.1159631 65.87063885 12.48069573 -10814.15585 -10814.15585 -10814.15585 1.818989404e-12
2 5.504987095 55.66276839 80.91796041 67.05919329 5.055105582 -3949.842892 -3949.842892 -3949.842892 1.364242053e-12
3 4.324074431 50.5916064 70.9481818 62.21565845 6.20505208 -6080.829859 -6080.829859 -6080.829859 1.818989404e-12
4 4.367705616 44.44129609 81.30356328 70.37718391 9.796276774 -7403.160712 -7403.160712 -7403.160712 3.637978807e-12
5 5.039602392 47.0682968 95.5452021 82.88139043 12.51226011 -9714.859475 -9714.859475 -9714.859475 3.637978807e-12
6 5.078953935 52.93458178 108.1209319 94.00517363 14.18082819 -10370.23665 -10370.23665 -10370.23665 3.637978807e-12
7 5.204486999 55.8991719 118.0600475 101.6407392 16.20069487 -10637.11913 -10637.11913 -10637.11913 1.818989404e-12
8 5.386955368 56.54482837 124.9461623 106.4241084 18.20452133 -11075.17757 -11075.17757 -11075.17757 3.637978807e-12
9 5.563396455 57.22525629 128.1015104 109.6413437 19.37580865 -11718.31245 -11718.31245 -11718.31245 0
10 5.712717877 58.46293125 130.6722358 112.357009 19.83297836 -12411.45552 -12411.45552 -12411.45552 7.275957614e-12
11 5.841428445 59.75382336 132.4521086 114.7141139 19.86613949 -13045.99092 -13045.99092 -13045.99092 7.275957614e-12
12 5.951479316 60.85473377 131.7536835 116.0108822 19.26421391 -13614.40789 -13614.40789 -13614.40789 5.456968211e-12
13 6.065184085 62.01476994 132.5848499 117.2406496 18.77759315 -14180.85015 -14180.85015 -14180.85015 0
14 6.18313915 63.22409495 133.3937657 118.6905368 18.39611554 -14777.51749 -14777.51749 -14777.51749 1.091393642e-11
15 6.297135948 64.89688028 134.2791407 120.0661818 18.01058103 -15391.57454 -15391.57454 -15391.57454 7.275957614e-12
16 6.401128381 66.33643906 135.1926962 121.2793396 17.62972871 -15989.17202 -15989.17202 -15989.17202 1.818989404e-12
17 6.493222863 67.4545062 136.0515924 122.3161817 17.25189204 -16541.67236 -16541.67236 -16541.67236 3.637978807e-12
18 6.575673626 68.76695302 136.887164 123.3045892 16.88639352 -17038.49787 -17038.49787 -17038.49787 3.637978807e-12
19 6.650277606 70.10593319 137.6791041 124.2640653 16.53597745 -17484.47049 -17484.47049 -17484.47049 3.637978807e-12
20 6.718633844 71.40678562 138.4232126 125.1719728 16.20960309 -17893.08642 -17893.08642 -17893.08642 3.637978807e-12
21 6.781550252 72.661777 139.1240328 125.9977608 15.88476513 -18278.09267 -18278.09267 -18278.09267 7.275957614e-12
22 6.839801384 74.09987264 139.7970745 126.7633426 15.56371726 -18649.19687 -18649.19687 -18649.19687 7.275957614e-12
23 6.894260909 75.43694211 140.44081 127.4854349 15.24164982 -19011.45879 -19011.45879 -19011.45879 7.275957614e-12
24 6.945468982 76.62884067 141.0437806 128.1544381 14.92760553 -19364.89046 -19364.89046 -19364.89046 3.637978807e-12
25 6.992791081 77.73831198 141.6098439 128.7640531 14.64874122 -19707.16436 -19707.16436 -19707.16436 7.275957614e-12
26 7.03640205 78.81972845 142.1330773 129.3181995 14.44497861 -20037.02454 -20037.02454 -20037.02454 1.091393642e-11
27 7.076333381 79.72915456 142.6184354 129.8223853 14.29394826 -20354.40159 -20354.40159 -20354.40159 3.637978807e-12
28 7.113648456 80.21447318 143.0680192 130.2987199 14.17623659 -20660.0375 -20660.0375 -20660.0375 7.275957614e-12
29 7.148754645 80.46729832 143.484819 130.7525031 14.06910946 -20954.3814 -20954.3814 -20954.3814 1.091393642e-11
30 7.182163537 80.5892814 143.8855306 131.1768475 13.97320598 -21238.28048 -21238.28048 -21238.28048 7.275957614e-12
31 7.213911922 80.77202307 144.2398954 131.5903789 13.84589772 -21511.36719 -21511.36719 -21511.36719 7.275957614e-12
32 7.243995678 81.16466066 144.5585228 131.9888781 13.7085685 -21773.77383 -21773.77383 -21773.77383 3.637978807e-12
33 7.272503182 81.80220233 144.8546047 132.3271471 13.6193621 -22025.74826 -22025.74826 -22025.74826 2.546585165e-11
34 7.299838458 82.64542505 145.1286242 132.6401379 13.55438395 -22267.51716 -22267.51716 -22267.51716 7.275957614e-12
35 7.325959092 83.61038797 145.384918 132.9196119 13.49886253 -22499.16261 -22499.16261 -22499.16261 3.637978807e-12
36 7.350706951 84.60545961 145.6144315 133.1642812 13.45223281 -22721.17008 -22721.17008 -22721.17008 3.637978807e-12
37 7.374378668 85.55604981 145.8336823 133.4017737 13.40584711 -22933.93314 -22933.93314 -22933.93314 7.275957614e-12
38 7.397075905 86.42208369 146.0429212 133.6337525 13.36481521 -23137.78181 -23137.78181 -23137.78181 7.275957614e-12
39 7.418626095 87.17804707 146.243857 133.8497073 13.32860314 -23333.07355 -23333.07355 -23333.07355 3.637978807e-12
40 7.439117641 87.81169993 146.4368085 134.0592985 13.28941298 -23520.33604 -23520.33604 -23520.33604 7.275957614e-12
41 7.458363182 88.38951305 146.6233425 134.2578488 13.25096222 -23700.24021 -23700.24021 -23700.24021 0
42 7.476736564 88.96600461 146.8042563 134.4431384 13.21122653 -23873.72304 -23873.72304 -23873.72304 1.455191523e-11
43 7.494342055 89.53376859 146.9800019 134.6211496 13.17238995 -24041.16762 -24041.16762 -24041.16762 7.275957614e-12
44 7.511027181 90.10294208 147.1504427 134.7995931 13.12163608 -24202.87289 -24202.87289 -24202.87289 1.455191523e-11
45 7.526951345 90.67116931 147.3152239 134.9748906 13.06309507 -24358.98537 -24358.98537 -24358.98537 7.275957614e-12
46 7.542188976 90.29533336 147.4747154 135.1466288 13.00035175 -24509.50466 -24509.50466 -24509.50466 0
47 7.556744779 90.08310668 147.6291018 135.3141526 12.93353166 -24654.45991 -24654.45991 -24654.45991 0
48 7.570740967 90.03209974 147.7782294 135.4803647 12.8604855 -24793.91691 -24793.91691 -24793.91691 0
49 7.584192155 90.13512774 147.9223781 135.6413343 12.78551456 -24928.0571 -24928.0571 -24928.0571 1.091393642e-11
50 7.597082324 90.45045002 148.0618474 135.7957737 12.70748631 -25057.10539 -25057.10539 -25057.10539 0
51 7.609358287 90.96928069 148.1964709 135.9450588 12.62629794 -25181.23782 -25181.23782 -25181.23782 1.091393642e-11
52 7.621106998 91.55294186 148.3261751 136.0893768 12.54555497 -25300.77611 -25300.77611 -25300.77611 3.637978807e-12
53 7.63242828 92.15679996 148.451134 136.2282552 12.46667318 -25415.90803 -25415.90803 -25415.90803 3.637978807e-12
54 7.643326318 92.75643375 148.5714329 136.3611782 12.39071521 -25526.70293 -25526.70293 -25526.70293 2.182787284e-11
55 7.653802063 93.34153791 148.687197 136.4880314 12.31851702 -25633.22491 -25633.22491 -25633.22491 7.275957614e-12
56 7.663878769 93.90310848 148.7986766 136.6102047 12.24956314 -25735.5695 -25735.5695 -25735.5695 1.091393642e-11
57 7.673477076 94.43778855 148.9060803 136.7225974 12.19632397 -25833.8143 -25833.8143 -25833.8143 1.818989404e-11
58 7.682599307 94.9470486 149.0095212 136.8265847 12.1533624 -25928.14017 -25928.14017 -25928.14017 1.455191523e-11
59 7.691350557 95.43501802 149.1094001 136.9245094 12.11568643 -26018.74347 -26018.74347 -26018.74347 1.091393642e-11
60 7.699694277 95.90431202 149.2059934 137.0187798 12.07927856 -26105.79945 -26105.79945 -26105.79945 3.637978807e-12
61 7.707722591 96.35673062 149.2993398 137.1110698 12.04122493 -26189.5411 -26189.5411 -26189.5411 1.818989404e-11
62 7.715440659 96.79634995 149.3895177 137.2025614 11.99825843 -26269.95739 -26269.95739 -26269.95739 7.275957614e-12
63 7.722814778 97.2259319 149.4764147 137.2919314 11.95222115 -26347.00516 -26347.00516 -26347.00516 1.091393642e-11
64 7.729830535 97.6470449 149.5612205 137.3760356 11.90711059 -26420.75522 -26420.75522 -26420.75522 0
65 7.736557721 98.05874013 149.6430812 137.459975 11.85874943 -26491.30073 -26491.30073 -26491.30073 0
66 7.743008028 98.46166832 149.723255 137.5413071 11.81040696 -26558.67469 -26558.67469 -26558.67469 1.091393642e-11
67 7.749164379 98.85682899 149.8014418 137.6187566 11.76639445 -26622.93389 -26622.93389 -26622.93389 1.091393642e-11
68 7.755032028 99.18735175 149.8776199 137.6918456 11.72907771 -26684.18363 -26684.18363 -26684.18363 3.637978807e-12
69 7.760643831 99.17710591 149.9515992 137.7610232 11.69614105 -26742.60087 -26742.60087 -26742.60087 3.637978807e-12
70 7.766031502 99.18774536 150.0234525 137.8267605 11.66621932 -26798.33816 -26798.33816 -26798.33816 7.275957614e-12
71 7.771130728 99.15524328 150.0931575 137.8888614 11.64020268 -26851.47812 -26851.47812 -26851.47812 0
72 7.775968451 98.91018296 150.1610696 137.9459384 11.6211173 -26902.15747 -26902.15747 -26902.15747 1.091393642e-11
73 7.78057968 98.63040501 150.2271662 137.999853 11.60505374 -26950.49556 -26950.49556 -26950.49556 7.275957614e-12
74 7.784965307 98.41029288 150.2906426 138.0514993 11.58941713 -26996.59153 -26996.59153 -26996.59153 3.637978807e-12
75 7.789140612 98.29463832 150.3519976 138.1016729 11.5727235 -27040.56171 -27040.56171 -27040.56171 7.275957614e-12
76 7.793117523 98.29703154 150.4105968 138.1508059 11.55413573 -27082.52201 -27082.52201 -27082.52201 7.275957614e-12
77 7.796915353 98.41097744 150.4662935 138.1991534 11.53350379 -27122.59209 -27122.59209 -27122.59209 1.091393642e-11
78 7.800550391 98.61503936 150.5190777 138.2462956 11.51067054 -27160.87816 -27160.87816 -27160.87816 3.637978807e-12
79 7.804017447 98.88352908 150.5680193 138.292093 11.48559542 -27197.46807 -27197.46807 -27197.46807 1.091393642e-11
80 7.807355364 99.19153139 150.6142186 138.3369433 11.45963684 -27232.47935 -27232.47935 -27232.47935 7.275957614e-12
81 7.810574535 99.50144718 150.6580909 138.3802207 11.43427392 -27265.96476 -27265.96476 -27265.96476 0
82 7.813585476 99.77929197 150.6990322 138.4212912 11.41004551 -27297.73925 -27297.73925 -27297.73925 1.455191523e-11
83 7.816550316 99.99762225 150.7377521 138.4606027 11.38792715 -27328.38182 -27328.38182 -27328.38182 3.637978807e-12
84 7.819308906 100.1422815 150.7736354 138.4972325 11.36838765 -27357.47064 -27357.47064 -27357.47064 3.637978807e-12
85 7.821957695 100.2125347 150.8075362 138.531623 11.35158046 -27385.31828 -27385.31828 -27385.31828 0
86 7.824486076 100.2183177 150.8393682 138.5638126 11.33715075 -27411.99822 -27411.99822 -27411.99822 7.275957614e-12
87 7.826894198 100.1777318 150.8693346 138.5940654 11.3246591 -27437.55543 -27437.55543 -27437.55543 7.275957614e-12
88 7.829184263 100.1114303 150.8975746 138.6225154 11.31356956 -27462.01497 -27462.01497 -27462.01497 1.818989404e-11
89 7.831363317 100.0411032 150.9241982 138.6495802 11.3031175 -27485.39598 -27485.39598 -27485.39598 7.275957614e-12
90 7.83343783 99.98459697 150.9493005 138.6754662 11.29275718 -27507.71774 -27507.71774 -27507.71774 7.275957614e-12
91 7.835413107 99.95460619 150.9729634 138.7003338 11.28210664 -27529.00267 -27529.00267 -27529.00267 1.818989404e-11
92 7.837294681 99.95734466 150.995255 138.7242785 11.27095705 -27549.27593 -27549.27593 -27549.27593 7.275957614e-12
93 7.83908793 99.9937834 151.0162573 138.7473605 11.25924163 -27568.57165 -27568.57165 -27568.57165 3.637978807e-12
94 7.84079952 100.0600394 151.0360341 138.7696181 11.24704316 -27586.9214 -27586.9214 -27586.9214 0
95 7.842434348 100.1451077 151.0546818 138.791049 11.23459986 -27604.3653 -27604.3653 -27604.3653 2.182787284e-11
96 7.843999227 100.2319423 151.0723057 138.8114251 11.22248638 -27620.95124 -27620.95124 -27620.95124 1.818989404e-11
97 7.84549664 100.3104716 151.0889918 138.8303092 11.21139441 -27636.7229 -27636.7229 -27636.7229 7.275957614e-12
98 7.84693062 100.3759175 151.1047757 138.8482487 11.20096431 -27651.72025 -27651.72025 -27651.72025 1.455191523e-11
99 7.848307952 100.4264531 151.1197116 138.8651377 11.19110222 -27665.99107 -27665.99107 -27665.99107 7.275957614e-12
100 7.849631144 100.4606187 151.1338348 138.8809703 11.18171641 -27679.59418 -27679.59418 -27679.59418 1.091393642e-11
101 7.850881786 100.4769948 151.1471531 138.8957724 11.17278372 -27692.56343 -27692.56343 -27692.56343 0
102 7.852075121 100.4804584 151.1596879 138.9096438 11.164176 -27704.95483 -27704.95483 -27704.95483 3.637978807e-12
103 7.85322245 100.4781143 151.1714986 138.9227169 11.15569096 -27716.82703 -27716.82703 -27716.82703 1.091393642e-11
104 7.854331026 100.4657033 151.1826624 138.9350039 11.14750258 -27728.2414 -27728.2414 -27728.2414 1.455191523e-11
105 7.855399144 100.4480694 151.1932181 138.9463475 11.13995552 -27739.2242 -27739.2242 -27739.2242 3.637978807e-12
106 7.856430487 100.4295221 151.2032018 138.9571811 11.13229428 -27749.80179 -27749.80179 -27749.80179 1.091393642e-11
107 7.85742268 100.4119528 151.212681 138.9675501 11.12445225 -27760.00025 -27760.00025 -27760.00025 7.275957614e-12
108 7.858371605 100.395549 151.2195293 138.9774684 11.11628549 -27769.85877 -27769.85877 -27769.85877 3.637978807e-12
109 7.859285603 100.3798219 151.222502 138.9868181 11.10773677 -27779.42234 -27779.42234 -27779.42234 7.275957614e-12
110 7.8601708 100.3643796 151.2252531 138.9958321 11.0989218 -27788.72807 -27788.72807 -27788.72807 2.182787284e-11
111 7.861025778 100.3492956 151.2275056 139.0044634 11.0896327 -27797.79854 -27797.79854 -27797.79854 0
112 7.861853323 100.3345813 151.2292009 139.0130113 11.07934404 -27806.64229 -27806.64229 -27806.64229 7.275957614e-12
113 7.862653187 100.3201898 151.2303807 139.0213942 11.06862093 -27815.26253 -27815.26253 -27815.26253 1.091393642e-11
114 7.863426301 100.3060071 151.2310503 139.029553 11.0577747 -27823.6761 -27823.6761 -27823.6761 7.275957614e-12
115 7.864163584 100.2918433 151.2311935 139.0374369 11.04695319 -27831.89208 -27831.89208 -27831.89208 1.091393642e-11
116 7.864859823 100.2774786 151.2307775 139.045072 11.03627757 -27839.91515 -27839.91515 -27839.91515 3.637978807e-12
117 7.865524727 100.2626683 151.2298435 139.0525229 11.02580344 -27847.76685 -27847.76685 -27847.76685 3.637978807e-12
118 7.86615639 100.2471916 151.2284837 139.0597351 11.01552755 -27855.46174 -27855.46174 -27855.46174 7.275957614e-12
119 7.86675881 100.2309044 151.2272028 139.0667751 11.00548903 -27863.01928 -27863.01928 -27863.01928 3.637978807e-12
120 7.867334763 100.2137645 151.2261365 139.0736908 10.99574391 -27870.4323 -27870.4323 -27870.4323 7.275957614e-12
121 7.867883813 100.1958482 151.2252757 139.0804714 10.98635859 -27877.68582 -27877.68582 -27877.68582 0
122 7.868403485 100.1772632 151.2246606 139.0869324 10.97786569 -27884.76431 -27884.76431 -27884.76431 7.275957614e-12
123 7.868891035 100.1578466 151.2244804 139.0932836 10.96999566 -27891.66725 -27891.66725 -27891.66725 1.091393642e-11
124 7.869356563 100.1356684 151.2248483 139.0996238 10.96269968 -27898.39638 -27898.39638 -27898.39638 1.091393642e-11
125 7.869798547 100.1118132 151.2259574 139.1059223 10.95602443 -27904.93293 -27904.93293 -27904.93293 1.091393642e-11
126 7.870214569 100.0871073 151.2279971 139.1120151 10.95047697 -27911.27249 -27911.27249 -27911.27249 7.275957614e-12
127 7.870608366 100.0621231 151.2311254 139.1178936 10.94607873 -27917.42433 -27917.42433 -27917.42433 7.275957614e-12
128 7.87098819 100.0372998 151.2354628 139.1237988 10.94240644 -27923.4046 -27923.4046 -27923.4046 3.637978807e-12
129 7.871354672 100.0130913 151.2410925 139.1297397 10.93949072 -27929.20673 -27929.20673 -27929.20673 0
130 7.871712825 99.98999819 151.2480739 139.1357395 10.93735166 -27934.82998 -27934.82998 -27934.82998 7.275957614e-12
131 7.872067905 99.9685048 151.2564246 139.1417941 10.9360323 -27940.28505 -27940.28505 -27940.28505 0
132 7.872432682 99.9490383 151.2661639 139.1477637 10.93612043 -27945.57314 -27945.57314 -27945.57314 3.637978807e-12
133 7.872816156 99.93181898 151.2774437 139.1517286 10.93658175 -27950.70609 -27950.70609 -27950.70609 1.091393642e-11
134 7.873216334 99.91697908 151.2896147 139.158089 10.9380918 -27955.66358 -27955.66358 -27955.66358 1.455191523e-11
135 7.87360999 99.9046059 151.3028591 139.1644334 10.94003285 -27960.4452 -27960.4452 -27960.4452 7.275957614e-12
136 7.873985183 99.89461183 151.3169167 139.1705298 10.94219538 -27965.06493 -27965.06493 -27965.06493 7.275957614e-12
137 7.874346332 99.88688314 151.3311265 139.1765345 10.94504126 -27969.55683 -27969.55683 -27969.55683 0
138 7.874700321 99.88098487 151.3454059 139.1821243 10.94834594 -27973.92971 -27973.92971 -27973.92971 3.637978807e-12
139 7.875067036 99.87638557 151.3596042 139.1876203 10.95192146 -27978.19125 -27978.19125 -27978.19125 3.637978807e-12
140 7.875489159 99.87235637 151.3735685 139.193309 10.95559724 -27982.80664 -27982.80664 -27982.80664 0
141 7.875845704 99.86902703 151.3865646 139.1984665 10.95900539 -27987.18922 -27987.18922 -27987.18922 0
142 7.876183378 99.86714239 151.3988373 139.2034739 10.96235246 -27991.3394 -27991.3394 -27991.3394 0
143 7.876503479 99.86665614 151.4099135 139.2082214 10.96558312 -27995.28863 -27995.28863 -27995.28863 7.275957614e-12
144 7.87677946 99.867441 151.4196709 139.2125325 10.96865288 -27998.78859 -27998.78859 -27998.78859 3.637978807e-12
145 7.877103453 99.86870189 151.423452 139.2166651 10.97139692 -28002.50278 -28002.50278 -28002.50278 1.091393642e-11
146 7.87736314 99.86997755 151.4262076 139.2217762 10.97405185 -28005.89009 -28005.89009 -28005.89009 3.637978807e-12
147 7.877661606 99.87139515 151.4296503 139.2253767 10.9763725 -28009.42734 -28009.42734 -28009.42734 3.637978807e-12
148 7.877904817 99.87293725 151.4328014 139.2287325 10.97852055 -28012.61352 -28012.61352 -28012.61352 1.091393642e-11
149 7.87815637 99.87473762 151.4361749 139.232083 10.98052903 -28015.64994 -28015.64994 -28015.64994 7.275957614e-12
150 7.878398201 99.87623559 151.4395167 139.2352127 10.98245449 -28018.53577 -28018.53577 -28018.53577 1.091393642e-11
151 7.87862667 99.87713256 151.44288 139.2381813 10.98433865 -28021.25721 -28021.25721 -28021.25721 7.275957614e-12
152 7.878845568 99.87734884 151.446236 139.2410503 10.9861153 -28023.81802 -28023.81802 -28023.81802 1.091393642e-11
153 7.879053853 99.87690209 151.449535 139.2438205 10.98776086 -28026.21398 -28026.21398 -28026.21398 0
154 7.879247668 99.87589898 151.4528921 139.2465088 10.98926616 -28028.44193 -28028.44193 -28028.44193 3.637978807e-12
155 7.879429049 99.87451338 151.456268 139.248961 10.99100484 -28030.50979 -28030.50979 -28030.50979 2.182787284e-11
156 7.879603463 99.87255807 151.4594841 139.2512981 10.99260038 -28032.41946 -28032.41946 -28032.41946 7.275957614e-12
157 7.879774565 99.87063753 151.4625218 139.2535842 10.99388428 -28034.1688 -28034.1688 -28034.1688 3.637978807e-12
158 7.879938983 99.86933315 151.4653614 139.2558273 10.99478818 -28035.75225 -28035.75225 -28035.75225 7.275957614e-12
159 7.880100813 99.86910661 151.4679902 139.2580592 10.99519449 -28037.16629 -28037.16629 -28037.16629 3.637978807e-12
160 7.880275902 99.87019855 151.4704317 139.2603411 10.99510358 -28038.48948 -28038.48948 -28038.48948 3.637978807e-12
161 7.880431671 99.87281845 151.4725093 139.2624656 10.99449006 -28039.55601 -28039.55601 -28039.55601 3.637978807e-12
162 7.880603274 99.8769414 151.4744435 139.2645495 10.99344288 -28040.52256 -28040.52256 -28040.52256 7.275957614e-12
163 7.880766453 99.88227425 151.47604 139.2664381 10.99193348 -28041.30341 -28041.30341 -28041.30341 1.091393642e-11
164 7.880921611 99.88861105 151.4773443 139.2680992 10.99008771 -28041.86312 -28041.86312 -28041.86312 3.637978807e-12
165 7.881068203 99.89555934 151.4783401 139.2694512 10.98799695 -28042.18816 -28042.18816 -28042.18816 3.637978807e-12
166 7.881214864 99.90243315 151.4790707 139.2704812 10.98573597 -28042.28731 -28042.28731 -28042.28731 3.637978807e-12
167 7.881350395 99.90837717 151.4795447 139.2711237 10.98336308 -28042.17528 -28042.17528 -28042.17528 1.455191523e-11
168 7.881469116 99.91307853 151.4798012 139.2713867 10.98089909 -28041.87572 -28041.87572 -28041.87572 1.091393642e-11
169 7.881577455 99.91634411 151.4798436 139.2712913 10.97836915 -28041.41105 -28041.41105 -28041.41105 3.637978807e-12
170 7.881658993 99.91813377 151.4797065 139.2709088 10.97575358 -28040.84682 -28040.84682 -28040.84682 7.275957614e-12
171 7.881712898 99.91864046 151.4793025 139.2702164 10.97300337 -28040.13124 -28040.13124 -28040.13124 0
172 7.881752631 99.91819414 151.4787312 139.2692647 10.97008443 -28039.31925 -28039.31925 -28039.31925 3.637978807e-12
173 7.881788344 99.91710627 151.4780056 139.2681576 10.96691918 -28038.39388 -28038.39388 -28038.39388 1.091393642e-11
174 7.881808217 99.91567755 151.4703868 139.2666213 10.96319451 -28037.4095 -28037.4095 -28037.4095 1.091393642e-11
175 7.881799758 99.91418378 151.4582695 139.2645408 10.95906245 -28036.36048 -28036.36048 -28036.36048 0
176 7.881756593 99.91286222 151.4460121 139.2624809 10.95456407 -28035.26388 -28035.26388 -28035.26388 7.275957614e-12
177 7.881676881 99.91185684 151.4335022 139.2603447 10.94958131 -28034.14536 -28034.14536 -28034.14536 7.275957614e-12
178 7.881570411 99.91115567 151.4211915 139.2578103 10.94420269 -28033.03175 -28033.03175 -28033.03175 3.637978807e-12
179 7.881456787 99.91007355 151.4093775 139.2552948 10.93874854 -28031.9411 -28031.9411 -28031.9411 7.275957614e-12
180 7.881336973 99.90897066 151.3984809 139.2528334 10.93302329 -28030.87124 -28030.87124 -28030.87124 7.275957614e-12
181 7.881207874 99.90823122 151.3887336 139.2505612 10.92693438 -28029.82007 -28029.82007 -28029.82007 7.275957614e-12
182 7.881080604 99.90801076 151.3800875 139.2486 10.92062778 -28028.78679 -28028.78679 -28028.78679 0
183 7.88097153 99.90823703 151.3728626 139.2469858 10.91419824 -28027.7658 -28027.7658 -28027.7658 0
184 7.880890736 99.90875614 151.3672154 139.2455201 10.90804425 -28026.74108 -28026.74108 -28026.74108 1.091393642e-11
185 7.880830803 99.90950066 151.3623963 139.2441372 10.90221517 -28025.68933 -28025.68933 -28025.68933 7.275957614e-12
186 7.880786281 99.91054099 151.3581171 139.2429566 10.89639246 -28024.58124 -28024.58124 -28024.58124 0
187 7.880753333 99.91196759 151.3541314 139.24192 10.89066949 -28023.45885 -28023.45885 -28023.45885 1.455191523e-11
188 7.880718728 99.91385295 151.3501509 139.2409306 10.88508521 -28022.32634 -28022.32634 -28022.32634 0
189 7.880682433 99.91626324 151.3460222 139.2399639 10.87968349 -28021.21184 -28021.21184 -28021.21184 1.091393642e-11
190 7.880635908 99.91920953 151.341563 139.2386949 10.87492338 -28020.1381 -28020.1381 -28020.1381 1.091393642e-11
191 7.880587714 99.92262855 151.3366719 139.2373659 10.87027772 -28019.13237 -28019.13237 -28019.13237 1.091393642e-11
192 7.880539211 99.92639093 151.3312796 139.2360327 10.86557181 -28018.28044 -28018.28044 -28018.28044 7.275957614e-12
193 7.880468416 99.9305568 151.3252416 139.2346177 10.86079313 -28017.39733 -28017.39733 -28017.39733 3.637978807e-12
194 7.880395211 99.93511023 151.3186745 139.2331744 10.85599537 -28016.54483 -28016.54483 -28016.54483 3.637978807e-12
195 7.880320612 99.93971417 151.3115749 139.2316795 10.85116564 -28015.75583 -28015.75583 -28015.75583 1.091393642e-11
196 7.88023811 99.94405624 151.3040197 139.2301367 10.84631226 -28015.02884 -28015.02884 -28015.02884 1.091393642e-11
197 7.880143236 99.94793109 151.2961106 139.2285477 10.84144125 -28014.35807 -28014.35807 -28014.35807 1.091393642e-11
198 7.880043616 99.95120294 151.2879559 139.2269705 10.83654325 -28013.73393 -28013.73393 -28013.73393 0
199 7.879939047 99.95381863 151.2796975 139.2253966 10.83162659 -28013.12607 -28013.12607 -28013.12607 0
200 7.879831794 99.95578346 151.271482 139.2238478 10.82671621 -28012.52188 -28012.52188 -28012.52188 3.637978807e-12
201 7.879722457 99.95714449 151.2634246 139.2223181 10.82187539 -28011.90647 -28011.90647 -28011.90647 2.182787284e-11
202 7.879604846 99.95797892 151.2556625 139.220656 10.81755952 -28011.27026 -28011.27026 -28011.27026 3.637978807e-12
203 7.879481044 99.9583484 151.2482498 139.218953 10.81350669 -28010.59677 -28010.59677 -28010.59677 7.275957614e-12
204 7.879356171 99.95829347 151.2412446 139.2172546 10.80954957 -28009.90507 -28009.90507 -28009.90507 1.455191523e-11
205 7.879225695 99.95785934 151.2346502 139.2153684 10.80545991 -28009.19113 -28009.19113 -28009.19113 1.091393642e-11
206 7.879090707 99.95697318 151.2284153 139.2133902 10.80129443 -28008.44919 -28008.44919 -28008.44919 3.637978807e-12
207 7.87895293 99.95573737 151.2224682 139.2114917 10.79719139 -28007.66698 -28007.66698 -28007.66698 0
208 7.878811036 99.95426058 151.2166865 139.2096306 10.79311732 -28006.83296 -28006.83296 -28006.83296 1.091393642e-11
209 7.878666836 99.95261759 151.2109758 139.2077832 10.78907634 -28005.9286 -28005.9286 -28005.9286 7.275957614e-12
210 7.878521758 99.95076576 151.2052665 139.2051301 10.78512849 -28004.96919 -28004.96919 -28004.96919 1.818989404e-11
211 7.878370942 99.94859096 151.1993651 139.202102 10.78114019 -28003.93596 -28003.93596 -28003.93596 0
212 7.878213258 99.94595782 151.1930981 139.2002449 10.77738165 -28002.84288 -28002.84288 -28002.84288 0
213 7.878060448 99.94258601 151.1866366 139.198204 10.77352406 -28001.85222 -28001.85222 -28001.85222 7.275957614e-12
214 7.877870454 99.93845021 151.1796435 139.1956491 10.76920581 -28000.77316 -28000.77316 -28000.77316 1.091393642e-11
215 7.87766805 99.93367739 151.1720343 139.1929366 10.76474582 -27999.62169 -27999.62169 -27999.62169 1.818989404e-11
216 7.877472233 99.92806115 151.1640371 139.1901554 10.76015351 -27998.56629 -27998.56629 -27998.56629 3.637978807e-12
217 7.877244759 99.92161783 151.1554045 139.1871397 10.75536698 -27997.4442 -27997.4442 -27997.4442 1.091393642e-11
218 7.877005171 99.91452761 151.1462945 139.1839976 10.75044005 -27996.26531 -27996.26531 -27996.26531 1.091393642e-11
219 7.876772472 99.90662176 151.1367892 139.1807767 10.74536666 -27995.20531 -27995.20531 -27995.20531 3.637978807e-12
220 7.876495128 99.89786419 151.1267481 139.1771164 10.74002155 -27994.07149 -27994.07149 -27994.07149 3.637978807e-12
221 7.876199956 99.88850819 151.1164484 139.1734135 10.73462442 -27992.87955 -27992.87955 -27992.87955 3.637978807e-12
222 7.875917685 99.87848759 151.1059824 139.1697683 10.72918663 -27991.85564 -27991.85564 -27991.85564 0
223 7.875603186 99.86808775 151.0953032 139.1660072 10.72367932 -27990.7313 -27990.7313 -27990.7313 7.275957614e-12
224 7.875313654 99.85719518 151.0849099 139.1624418 10.71825528 -27989.78281 -27989.78281 -27989.78281 7.275957614e-12
225 7.875002035 99.84599526 151.0746424 139.158855 10.71288929 -27988.7242 -27988.7242 -27988.7242 1.091393642e-11
226 7.87471798 99.83501237 151.0650107 139.1555006 10.70774885 -27987.7428 -27987.7428 -27987.7428 1.091393642e-11
227 7.874444787 99.82456003 151.056019 139.1522943 10.70286546 -27986.79818 -27986.79818 -27986.79818 3.637978807e-12
228 7.874175182 99.81526553 151.047774 139.1492971 10.69832343 -27985.8115 -27985.8115 -27985.8115 0
229 7.87394073 99.80760179 151.0410059 139.1466733 10.69423204 -27984.94357 -27984.94357 -27984.94357 1.091393642e-11
230 7.87370989 99.80205421 151.0352169 139.1442363 10.69055668 -27984.03603 -27984.03603 -27984.03603 3.637978807e-12
231 7.873501171 99.79914936 151.0303743 139.1420608 10.68735717 -27983.12888 -27983.12888 -27983.12888 1.455191523e-11
232 7.873325128 99.79906434 151.0264748 139.1401365 10.68464423 -27982.25956 -27982.25956 -27982.25956 3.637978807e-12
233 7.873201421 99.80173149 151.0235514 139.1385856 10.68240615 -27981.58175 -27981.58175 -27981.58175 0
234 7.873082916 99.80726766 151.0212855 139.1372054 10.6805668 -27980.88887 -27980.88887 -27980.88887 0
235 7.872990468 99.81585206 151.0197283 139.1360797 10.67915602 -27980.2149 -27980.2149 -27980.2149 2.546585165e-11
236 7.872915901 99.82729033 151.0186068 139.135093 10.67806703 -27979.55491 -27979.55491 -27979.55491 3.637978807e-12
237 7.872876082 99.84118325 151.0178534 139.1343084 10.6772194 -27979.03862 -27979.03862 -27979.03862 0
238 7.872861163 99.8570838 151.0172004 139.1336594 10.67648383 -27978.69509 -27978.69509 -27978.69509 7.275957614e-12
239 7.872866791 99.87466152 151.0164635 139.1331257 10.67576208 -27978.53632 -27978.53632 -27978.53632 3.637978807e-12
240 7.872902801 99.89347109 151.0154944 139.1327414 10.67494785 -27978.67537 -27978.67537 -27978.67537 1.818989404e-11
241 7.872930818 99.9131065 151.0138566 139.1323136 10.67388255 -27978.98995 -27978.98995 -27978.98995 3.637978807e-12
242 7.872952969 99.93324348 151.0113431 139.131825 10.67249223 -27979.44771 -27979.44771 -27979.44771 3.637978807e-12
243 7.872976041 99.95324762 151.0077267 139.131258 10.6706863 -27980.12445 -27980.12445 -27980.12445 3.637978807e-12
244 7.872988104 99.97232579 151.0027028 139.1305649 10.66834589 -27981.02034 -27981.02034 -27981.02034 7.275957614e-12
245 7.873000846 99.98947 150.9960873 139.1297878 10.66539569 -27982.21434 -27982.21434 -27982.21434 1.091393642e-11
246 7.872998761 100.0036088 150.9877645 139.1286671 10.66155706 -27983.67536 -27983.67536 -27983.67536 3.637978807e-12
247 7.872976773 100.0143136 150.9776879 139.1268905 10.65680317 -27985.44451 -27985.44451 -27985.44451 1.455191523e-11
248 7.872927265 100.0211681 150.9656634 139.1247865 10.65116562 -27987.48161 -27987.48161 -27987.48161 1.455191523e-11
249 7.872864181 100.0238046 150.951753 139.1224974 10.64464408 -27989.81213 -27989.81213 -27989.81213 3.637978807e-12
250 7.872782791 100.0218744 150.9360786 139.1200908 10.63724698 -27992.36503 -27992.36503 -27992.36503 1.818989404e-11
251 7.872694213 100.0148847 150.9189216 139.1173957 10.62896194 -27995.22214 -27995.22214 -27995.22214 3.637978807e-12
252 7.872603654 100.0024751 150.9005252 139.1146648 10.61994379 -27998.38069 -27998.38069 -27998.38069 3.637978807e-12
253 7.872497537 99.98470656 150.8811326 139.112069 10.61023951 -28001.789 -28001.789 -28001.789 1.091393642e-11
254 7.872378231 99.96197405 150.8615596 139.1094499 10.60031457 -28005.38108 -28005.38108 -28005.38108 1.091393642e-11
255 7.872230187 99.93427289 150.8421382 139.1067886 10.59040445 -28009.07514 -28009.07514 -28009.07514 7.275957614e-12
256 7.872068653 99.90247165 150.8231976 139.1043185 10.58042006 -28012.82288 -28012.82288 -28012.82288 3.637978807e-12
257 7.871900263 99.86766375 150.8051228 139.1020809 10.57048304 -28016.5992 -28016.5992 -28016.5992 3.637978807e-12
258 7.871712603 99.83101798 150.7882264 139.1000541 10.56081628 -28020.38051 -28020.38051 -28020.38051 3.637978807e-12
259 7.871523268 99.79374139 150.7727077 139.0983816 10.55165163 -28024.1511 -28024.1511 -28024.1511 0
260 7.871332635 99.75701889 150.7591856 139.0973508 10.54300828 -28027.90956 -28027.90956 -28027.90956 1.455191523e-11
261 7.871141629 99.72189644 150.7479679 139.0953248 10.53516121 -28031.38245 -28031.38245 -28031.38245 3.637978807e-12
262 7.87103796 99.68862206 150.7396963 139.0941799 10.52864009 -28035.1486 -28035.1486 -28035.1486 3.637978807e-12
263 7.870932708 99.6575674 150.7356607 139.0937038 10.52342945 -28038.64646 -28038.64646 -28038.64646 7.275957614e-12
264 7.870913143 99.62918403 150.735658 139.0943232 10.51972933 -28042.10444 -28042.10444 -28042.10444 7.275957614e-12
265 7.870973094 99.60298671 150.7358592 139.0958427 10.51748542 -28045.85276 -28045.85276 -28045.85276 0
266 7.871049236 99.57916677 150.7382932 139.098195 10.51653089 -28049.28823 -28049.28823 -28049.28823 1.455191523e-11
267 7.871230131 99.55804459 150.7433762 139.10165 10.51714803 -28052.83685 -28052.83685 -28052.83685 7.275957614e-12
268 7.87146601 99.53951191 150.7508074 139.105737 10.51922112 -28056.27527 -28056.27527 -28056.27527 3.637978807e-12
269 7.871742254 99.52368336 150.7606445 139.1104983 10.52278976 -28059.5149 -28059.5149 -28059.5149 7.275957614e-12
270 7.872035357 99.51024001 150.7726535 139.1155798 10.52800445 -28062.56492 -28062.56492 -28062.56492 7.275957614e-12
271 7.872339856 99.49850052 150.7869442 139.121433 10.53460268 -28065.47449 -28065.47449 -28065.47449 1.091393642e-11
272 7.87265437 99.48791923 150.8036334 139.1279722 10.54262896 -28068.27526 -28068.27526 -28068.27526 0
273 7.873005203 99.47822825 150.8220908 139.1353871 10.55197027 -28070.98174 -28070.98174 -28070.98174 1.455191523e-11
274 7.873414094 99.46940518 150.8425736 139.1434926 10.56252886 -28073.67866 -28073.67866 -28073.67866 3.637978807e-12
275 7.87385734 99.4617669 150.8646226 139.1521341 10.57401132 -28076.29141 -28076.29141 -28076.29141 0
276 7.874321878 99.4561953 150.8880894 139.1613322 10.58631337 -28078.69896 -28078.69896 -28078.69896 3.637978807e-12
277 7.874815925 99.45316338 150.9129442 139.1709907 10.59923654 -28080.87032 -28080.87032 -28080.87032 2.182787284e-11
278 7.875322245 99.45279924 150.9394376 139.1802118 10.61252116 -28082.80113 -28082.80113 -28082.80113 7.275957614e-12
279 7.875837648 99.45511482 150.9672023 139.1895781 10.6261931 -28084.52938 -28084.52938 -28084.52938 7.275957614e-12
280 7.876364334 99.46009444 150.9960926 139.1984056 10.63961806 -28086.08561 -28086.08561 -28086.08561 2.546585165e-11
281 7.876890799 99.46780886 151.0257802 139.2067077 10.65302208 -28087.59685 -28087.59685 -28087.59685 1.091393642e-11
282 7.877431321 99.47849404 151.0583166 139.21564 10.66684972 -28088.95371 -28088.95371 -28088.95371 3.637978807e-12
283 7.877980813 99.49245222 151.0915549 139.2254429 10.68080602 -28090.10676 -28090.10676 -28090.10676 7.275957614e-12
284 7.878515517 99.50963733 151.125124 139.2347616 10.69544999 -28091.17994 -28091.17994 -28091.17994 3.637978807e-12
285 7.879017381 99.52966167 151.1585553 139.2435573 10.70999451 -28092.06243 -28092.06243 -28092.06243 1.091393642e-11
286 7.87948482 99.55223358 151.1918668 139.2515954 10.72404239 -28092.8396 -28092.8396 -28092.8396 3.637978807e-12
287 7.879948557 99.57692772 151.2246116 139.2595558 10.73749057 -28093.55321 -28093.55321 -28093.55321 1.455191523e-11
288 7.88038065 99.60324806 151.2567796 139.2662628 10.75073647 -28094.18847 -28094.18847 -28094.18847 7.275957614e-12
289 7.88079122 99.63051081 151.2879736 139.2730025 10.76389036 -28094.76624 -28094.76624 -28094.76624 1.455191523e-11
290 7.8811939 99.65769817 151.3171563 139.2798093 10.77665297 -28095.3049 -28095.3049 -28095.3049 1.455191523e-11
291 7.88156423 99.68388576 151.344565 139.2862436 10.78906029 -28095.75066 -28095.75066 -28095.75066 7.275957614e-12
292 7.88191565 99.70819004 151.3704618 139.2922512 10.80128495 -28096.12184 -28096.12184 -28096.12184 1.455191523e-11
293 7.882239381 99.72928803 151.3943077 139.2978824 10.81323115 -28096.38217 -28096.38217 -28096.38217 1.818989404e-11
294 7.882499116 99.74570927 151.4154268 139.302272 10.82499163 -28096.52883 -28096.52883 -28096.52883 3.637978807e-12
295 7.882728691 99.756408 151.4345373 139.305022 10.83618993 -28096.59813 -28096.59813 -28096.59813 2.182787284e-11
296 7.882951499 99.76088748 151.4506486 139.3063792 10.84660942 -28096.59192 -28096.59192 -28096.59192 7.275957614e-12
297 7.883165144 99.75958135 151.4642908 139.3074662 10.8572473 -28096.48555 -28096.48555 -28096.48555 3.637978807e-12
298 7.883372265 99.75388844 151.4760375 139.308387 10.86788835 -28096.24583 -28096.24583 -28096.24583 0
299 7.883524969 99.74592087 151.4860328 139.3090357 10.87858583 -28095.91264 -28095.91264 -28095.91264 7.275957614e-12
300 7.883622769 99.73771816 151.4942928 139.3092826 10.88906481 -28095.42691 -28095.42691 -28095.42691 1.091393642e-11
301 7.883721662 99.73022481 151.5010642 139.3093929 10.89888582 -28094.8561 -28094.8561 -28094.8561 1.091393642e-11
302 7.883834768 99.72358343 151.5030922 139.3092856 10.90790308 -28094.23971 -28094.23971 -28094.23971 3.637978807e-12
303 7.883940406 99.71776266 151.5040941 139.308496 10.91566523 -28093.53062 -28093.53062 -28093.53062 1.455191523e-11
304 7.884040757 99.71305413 151.5052334 139.3093668 10.9229991 -28092.71976 -28092.71976 -28092.71976 3.637978807e-12
305 7.88412728 99.71001627 151.506441 139.3086896 10.9295943 -28091.74873 -28091.74873 -28091.74873 1.818989404e-11
306 7.884206019 99.70899484 151.5075 139.3082089 10.93572166 -28090.6159 -28090.6159 -28090.6159 3.637978807e-12
307 7.884261323 99.70991137 151.5085047 139.3077369 10.94131969 -28089.30271 -28089.30271 -28089.30271 1.091393642e-11
308 7.884302951 99.71253859 151.5096378 139.3073083 10.94636715 -28087.86275 -28087.86275 -28087.86275 7.275957614e-12
309 7.884330168 99.7166911 151.5105702 139.3068182 10.95077929 -28086.31639 -28086.31639 -28086.31639 3.637978807e-12
310 7.884360285 99.72219342 151.5113506 139.3060858 10.95524746 -28084.84654 -28084.84654 -28084.84654 0
311 7.884375456 99.72909865 151.5117895 139.3052993 10.95911852 -28083.24993 -28083.24993 -28083.24993 0
312 7.884395689 99.73739456 151.5121358 139.3046114 10.96229206 -28081.6879 -28081.6879 -28081.6879 3.637978807e-12
313 7.884406099 99.74687138 151.5122156 139.3039536 10.96460021 -28080.116 -28080.116 -28080.116 1.455191523e-11
314 7.884401602 99.75748949 151.5120474 139.3032919 10.9660649 -28078.42514 -28078.42514 -28078.42514 2.182787284e-11
315 7.884417039 99.7689102 151.5117826 139.302686 10.9667509 -28076.8427 -28076.8427 -28076.8427 7.275957614e-12
316 7.884415496 99.78081965 151.5111917 139.3019407 10.96658017 -28075.17396 -28075.17396 -28075.17396 0
317 7.884440166 99.79286475 151.5105641 139.3012522 10.96563141 -28073.66123 -28073.66123 -28073.66123 7.275957614e-12
318 7.884448676 99.80469773 151.5096359 139.3003542 10.96384122 -28072.08162 -28072.08162 -28072.08162 7.275957614e-12
319 7.884474693 99.81598213 151.5086994 139.2995415 10.96130812 -28070.66332 -28070.66332 -28070.66332 1.091393642e-11
320 7.884470713 99.82636388 151.503791 139.2984489 10.9578102 -28069.19574 -28069.19574 -28069.19574 3.637978807e-12
321 7.88445729 99.83561866 151.4947973 139.2971498 10.95344098 -28067.75187 -28067.75187 -28067.75187 1.091393642e-11
322 7.884423137 99.84328153 151.4853273 139.2953872 10.94847789 -28066.339 -28066.339 -28066.339 3.637978807e-12
323 7.884367531 99.84906004 151.4751579 139.2935403 10.94282248 -28065.00606 -28065.00606 -28065.00606 3.637978807e-12
324 7.884288476 99.85291212 151.4642447 139.291584 10.93644581 -28063.76286 -28063.76286 -28063.76286 2.182787284e-11
325 7.884188241 99.85489398 151.4527685 139.2890971 10.92941764 -28062.61453 -28062.61453 -28062.61453 1.455191523e-11
326 7.884080951 99.85513996 151.4408549 139.2864718 10.92221216 -28061.55813 -28061.55813 -28061.55813 7.275957614e-12
327 7.883965221 99.85387868 151.4286815 139.2838513 10.91469651 -28060.57753 -28060.57753 -28060.57753 3.637978807e-12
328 7.883827287 99.8513481 151.4163555 139.2812886 10.90700048 -28059.61319 -28059.61319 -28059.61319 7.275957614e-12
329 7.883683862 99.84766348 151.403998 139.2786276 10.89980653 -28058.66756 -28058.66756 -28058.66756 3.637978807e-12
330 7.883535687 99.84283273 151.39211 139.2761455 10.89252547 -28057.73695 -28057.73695 -28057.73695 0
331 7.883367712 99.83687022 151.3807642 139.2738206 10.8852428 -28056.81343 -28056.81343 -28056.81343 3.637978807e-12
332 7.883188399 99.82984314 151.3695797 139.2716962 10.87805821 -28055.89012 -28055.89012 -28055.89012 3.637978807e-12
333 7.882992523 99.82191017 151.3587843 139.2693824 10.87162126 -28054.95705 -28054.95705 -28054.95705 7.275957614e-12
334 7.882779945 99.81329988 151.3485604 139.2669833 10.86592816 -28054.00673 -28054.00673 -28054.00673 0
335 7.882557975 99.80430607 151.3390955 139.2647162 10.86060759 -28053.03464 -28053.03464 -28053.03464 3.637978807e-12
336 7.882323397 99.79529281 151.3305526 139.2625665 10.85578465 -28051.99917 -28051.99917 -28051.99917 3.637978807e-12
337 7.882087738 99.78659223 151.3232273 139.2605991 10.85155987 -28050.94442 -28050.94442 -28050.94442 7.275957614e-12
338 7.881861578 99.77846728 151.3173002 139.2588329 10.84796504 -28049.9237 -28049.9237 -28049.9237 3.637978807e-12
339 7.881640689 99.77129668 151.3128634 139.2571101 10.84531857 -28048.91814 -28048.91814 -28048.91814 3.637978807e-12
340 7.88141831 99.76554318 151.310079 139.2551172 10.84351098 -28047.91685 -28047.91685 -28047.91685 3.637978807e-12
341 7.88121077 99.76157889 151.3088473 139.2533671 10.84242615 -28046.91488 -28046.91488 -28046.91488 7.275957614e-12
342 7.881025987 99.75961486 151.3093412 139.2499867 10.84174045 -28045.8998 -28045.8998 -28045.8998 0
343 7.880875829 99.75975804 151.3109935 139.249049 10.84203837 -28044.86419 -28044.86419 -28044.86419 7.275957614e-12
344 7.880754878 99.76203567 151.3139311 139.2483038 10.84280737 -28043.78586 -28043.78586 -28043.78586 0
345 7.880665522 99.76631873 151.3176528 139.247743 10.84398529 -28042.66014 -28042.66014 -28042.66014 3.637978807e-12
346 7.880602572 99.77235315 151.3218208 139.2473107 10.84546133 -28041.48951 -28041.48951 -28041.48951 1.455191523e-11
347 7.880554013 99.77982457 151.3260581 139.2469023 10.8471537 -28040.2881 -28040.2881 -28040.2881 3.637978807e-12
348 7.880516163 99.78838976 151.3300372 139.24645 10.84896848 -28039.07629 -28039.07629 -28039.07629 3.637978807e-12
349 7.880486611 99.79767709 151.3334714 139.2459088 10.85079382 -28037.88535 -28037.88535 -28037.88535 7.275957614e-12
350 7.880456906 99.80729617 151.3362018 139.2450557 10.85229666 -28036.73028 -28036.73028 -28036.73028 3.637978807e-12
351 7.880429075 99.81686725 151.3379426 139.2441437 10.85368584 -28035.62927 -28035.62927 -28035.62927 3.637978807e-12
352 7.880403024 99.82604747 151.338814 139.2431993 10.8549166 -28034.59893 -28034.59893 -28034.59893 7.275957614e-12
353 7.880375145 99.83452494 151.3386557 139.2421991 10.85593323 -28033.65267 -28033.65267 -28033.65267 3.637978807e-12
354 7.880341365 99.84204125 151.3375188 139.2411406 10.85671992 -28032.8004 -28032.8004 -28032.8004 1.091393642e-11
355 7.88029494 99.84845518 151.3354827 139.2400078 10.85727688 -28031.97492 -28031.97492 -28031.97492 1.455191523e-11
356 7.880250485 99.8535581 151.3327813 139.2388478 10.85774577 -28031.28367 -28031.28367 -28031.28367 7.275957614e-12
357 7.880206819 99.85711491 151.329515 139.2377025 10.85804669 -28030.75755 -28030.75755 -28030.75755 1.455191523e-11
358 7.880159706 99.85915617 151.3258444 139.2366054 10.85816149 -28030.33024 -28030.33024 -28030.33024 7.275957614e-12
359 7.880126324 99.85976122 151.3220466 139.2356537 10.85813616 -28030.07416 -28030.07416 -28030.07416 1.455191523e-11
360 7.880104816 99.85899151 151.3182467 139.2348872 10.857978 -28029.99427 -28029.99427 -28029.99427 0
361 7.880092108 99.85705062 151.314544 139.2343321 10.85771599 -28030.07361 -28030.07361 -28030.07361 3.637978807e-12
362 7.880080189 99.85425078 151.3110963 139.235174 10.85748677 -28030.27287 -28030.27287 -28030.27287 1.091393642e-11
363 7.880069058 99.85088936 151.3082401 139.235252 10.85703974 -28030.57472 -28030.57472 -28030.57472 0
364 7.880064497 99.84718092 151.3059815 139.234968 10.856652 -28030.94956 -28030.94956 -28030.94956 7.275957614e-12
365 7.880065794 99.84330519 151.3044355 139.2348993 10.85647464 -28031.39296 -28031.39296 -28031.39296 0
366 7.88007246 99.83943138 151.3037326 139.2350203 10.85656193 -28031.90262 -28031.90262 -28031.90262 3.637978807e-12
367 7.880082386 99.83574943 151.3039443 139.2353262 10.85696817 -28032.45251 -28032.45251 -28032.45251 3.637978807e-12
368 7.880097369 99.83244121 151.305148 139.2358263 10.85773951 -28033.03684 -28033.03684 -28033.03684 2.182787284e-11
369 7.880118062 99.82964499 151.3074018 139.2365181 10.8589086 -28033.64498 -28033.64498 -28033.64498 3.637978807e-12
370 7.880145587 99.82746603 151.3107121 139.2374007 10.86049319 -28034.26858 -28034.26858 -28034.26858 1.455191523e-11
371 7.880180815 99.82597667 151.3150507 139.2384625 10.86249566 -28034.90031 -28034.90031 -28034.90031 1.455191523e-11
372 7.880224947 99.82522764 151.3203505 139.2396927 10.86489797 -28035.51631 -28035.51631 -28035.51631 7.275957614e-12
373 7.880285037 99.82519141 151.3265515 139.2409261 10.86764599 -28036.13496 -28036.13496 -28036.13496 0
374 7.880359004 99.82578224 151.3335535 139.2414015 10.87059359 -28036.75091 -28036.75091 -28036.75091 7.275957614e-12
375 7.880430215 99.82699151 151.3409802 139.2425178 10.87394113 -28037.2367 -28037.2367 -28037.2367 0
376 7.880526982 99.82861699 151.3489245 139.2444325 10.87765483 -28037.74749 -28037.74749 -28037.74749 3.637978807e-12
377 7.880631418 99.83033379 151.357072 139.2463084 10.88140119 -28038.26593 -28038.26593 -28038.26593 3.637978807e-12
378 7.880735866 99.83203094 151.3653013 139.2480621 10.88504726 -28038.74513 -28038.74513 -28038.74513 1.818989404e-11
379 7.880837979 99.83364482 151.3734503 139.2497021 10.88863444 -28039.17903 -28039.17903 -28039.17903 3.637978807e-12
380 7.880931701 99.83508166 151.3811386 139.2525807 10.89234919 -28039.56979 -28039.56979 -28039.56979 3.637978807e-12
381 7.881022045 99.83618152 151.3884295 139.2543835 10.89580718 -28039.9282 -28039.9282 -28039.9282 1.455191523e-11
382 7.881118205 99.83660041 151.3951734 139.2556193 10.89913296 -28040.30115 -28040.30115 -28040.30115 2.182787284e-11
383 7.881211813 99.83624632 151.4013085 139.2567873 10.9023284 -28040.66227 -28040.66227 -28040.66227 7.275957614e-12
384 7.881305548 99.83520518 151.406886 139.2578941 10.90535244 -28041.03693 -28041.03693 -28041.03693 2.182787284e-11
385 7.881394176 99.83360772 151.4118978 139.2589343 10.90817331 -28041.42246 -28041.42246 -28041.42246 1.091393642e-11
386 7.881478989 99.83163428 151.4163723 139.2599316 10.91078059 -28041.82103 -28041.82103 -28041.82103 1.091393642e-11
387 7.881558806 99.8294723 151.4203675 139.2608799 10.91315746 -28042.23405 -28042.23405 -28042.23405 3.637978807e-12
388 7.881634272 99.82730216 151.4239109 139.2617771 10.91529584 -28042.66071 -28042.66071 -28042.66071 1.818989404e-11
389 7.881706508 99.82528319 151.4270932 139.2626222 10.91720943 -28043.09585 -28043.09585 -28043.09585 3.637978807e-12
390 7.881779813 99.8235479 151.4299986 139.2634429 10.91891608 -28043.5567 -28043.5567 -28043.5567 7.275957614e-12
391 7.881849855 99.82224148 151.4326052 139.2642112 10.92040116 -28044.02772 -28044.02772 -28044.02772 7.275957614e-12
392 7.881916698 99.82152369 151.434942 139.26496 10.92166514 -28044.50101 -28044.50101 -28044.50101 3.637978807e-12
393 7.881981365 99.82151113 151.4370169 139.2656859 10.922716 -28044.9775 -28044.9775 -28044.9775 0
394 7.882045153 99.82225514 151.4388248 139.2663893 10.92355956 -28045.46573 -28045.46573 -28045.46573 3.637978807e-12
395 7.882109774 99.82375778 151.4403567 139.2670754 10.92419718 -28045.98534 -28045.98534 -28045.98534 3.637978807e-12
396 7.88217647 99.82598749 151.4416015 139.2677546 10.92462636 -28046.55793 -28046.55793 -28046.55793 7.275957614e-12
397 7.882242794 99.82891056 151.4425371 139.2684189 10.9248521 -28047.18427 -28047.18427 -28047.18427 3.637978807e-12
398 7.88230505 99.83250145 151.4431408 139.2690573 10.92488028 -28047.84466 -28047.84466 -28047.84466 7.275957614e-12
399 7.88235788 99.83671277 151.4433961 139.2696457 10.92472061 -28048.50324 -28048.50324 -28048.50324 1.455191523e-11
400 7.882404407 99.84141676 151.4432955 139.2701609 10.92440542 -28049.15384 -28049.15384 -28049.15384 2.182787284e-11
401 7.882442894 99.84638869 151.4428409 139.2705842 10.92394493 -28049.79001 -28049.79001 -28049.79001 1.091393642e-11
402 7.88246366 99.85138938 151.4420093 139.2709061 10.92335271 -28050.36017 -28050.36017 -28050.36017 7.275957614e-12
403 7.882472693 99.85631401 151.4408531 139.2711332 10.92264185 -28050.85194 -28050.85194 -28050.85194 3.637978807e-12
404 7.882470193 99.86102236 151.4393927 139.2712478 10.92182435 -28051.24685 -28051.24685 -28051.24685 7.275957614e-12
405 7.882456772 99.86539803 151.4376674 139.2712493 10.92091348 -28051.52897 -28051.52897 -28051.52897 7.275957614e-12
406 7.882433486 99.86937621 151.4357221 139.2711406 10.91990984 -28051.68131 -28051.68131 -28051.68131 7.275957614e-12
407 7.88240369 99.87294725 151.4336199 139.2709399 10.9188142 -28051.70186 -28051.70186 -28051.70186 2.182787284e-11
408 7.882369379 99.87615086 151.4313718 139.2706551 10.91760868 -28051.5883 -28051.5883 -28051.5883 1.818989404e-11
409 7.882333554 99.87907874 151.4290432 139.2702886 10.9162757 -28051.35995 -28051.35995 -28051.35995 1.091393642e-11
410 7.88229549 99.88192669 151.4266758 139.2698496 10.91479355 -28050.98147 -28050.98147 -28050.98147 1.091393642e-11
411 7.882260454 99.88495165 151.424277 139.2693547 10.91313673 -28050.48245 -28050.48245 -28050.48245 7.275957614e-12
412 7.882221106 99.88844071 151.4217697 139.2687573 10.91126726 -28049.81655 -28049.81655 -28049.81655 7.275957614e-12
413 7.882181401 99.89251566 151.4191316 139.2680619 10.90917576 -28048.99722 -28048.99722 -28048.99722 3.637978807e-12
414 7.882139039 99.8972916 151.4162502 139.267239 10.9068281 -28048.02605 -28048.02605 -28048.02605 0
415 7.882094649 99.9029049 151.4130211 139.2662613 10.90418353 -28046.92669 -28046.92669 -28046.92669 1.091393642e-11
416 7.882041683 99.90942209 151.4092443 139.2650794 10.90119698 -28045.68169 -28045.68169 -28045.68169 0
417 7.881979222 99.91681042 151.4047384 139.2636677 10.89783703 -28044.30029 -28044.30029 -28044.30029 3.637978807e-12
418 7.881905088 99.92486634 151.3992913 139.2619915 10.89407015 -28042.79443 -28042.79443 -28042.79443 3.637978807e-12
419 7.881818813 99.93322845 151.392707 139.260046 10.88989156 -28041.19227 -28041.19227 -28041.19227 7.275957614e-12
420 7.881715254 99.94143742 151.3848075 139.2578314 10.88523717 -28039.51457 -28039.51457 -28039.51457 7.275957614e-12
421 7.881591087 99.94900533 151.3753974 139.2553338 10.88007099 -28037.78219 -28037.78219 -28037.78219 1.091393642e-11
422 7.881447655 99.95544658 151.364323 139.2525774 10.87438477 -28036.01688 -28036.01688 -28036.01688 1.091393642e-11
423 7.881275405 99.96027445 151.3516276 139.249453 10.86812755 -28034.24496 -28034.24496 -28034.24496 3.637978807e-12
424 7.881082052 99.96301045 151.3373808 139.2459755 10.86129148 -28032.50876 -28032.50876 -28032.50876 3.637978807e-12
425 7.88087468 99.96329725 151.3217137 139.2423442 10.85402717 -28030.84786 -28030.84786 -28030.84786 3.637978807e-12
426 7.880647136 99.9609774 151.3048582 139.2386362 10.84633788 -28029.28784 -28029.28784 -28029.28784 7.275957614e-12
427 7.880407232 99.95603717 151.2870792 139.2348588 10.83829888 -28027.85531 -28027.85531 -28027.85531 3.637978807e-12
428 7.88015924 99.94860562 151.2688681 139.2312479 10.83003029 -28026.56292 -28026.56292 -28026.56292 1.091393642e-11
429 7.879925376 99.93886101 151.2508437 139.2278237 10.82176039 -28025.50472 -28025.50472 -28025.50472 1.455191523e-11
430 7.879682785 99.92694055 151.2331045 139.2244993 10.81351738 -28024.56621 -28024.56621 -28024.56621 1.818989404e-11
431 7.879415102 99.9135863 151.2161582 139.2206573 10.80568883 -28023.64054 -28023.64054 -28023.64054 7.275957614e-12
432 7.879141774 99.89931009 151.200334 139.2164949 10.79789498 -28022.79472 -28022.79472 -28022.79472 3.637978807e-12
433 7.878874348 99.88448317 151.1857542 139.2127148 10.79047299 -28022.04234 -28022.04234 -28022.04234 1.091393642e-11
434 7.878613601 99.86950454 151.1726037 139.209173 10.78331537 -28021.39603 -28021.39603 -28021.39603 3.637978807e-12
435 7.878361723 99.85464173 151.1609878 139.205193 10.77572914 -28020.91776 -28020.91776 -28020.91776 2.182787284e-11
436 7.878138387 99.84003849 151.1504665 139.1998755 10.76833796 -28020.62237 -28020.62237 -28020.62237 1.818989404e-11
437 7.877946467 99.82553816 151.1412063 139.1972125 10.76183343 -28020.50864 -28020.50864 -28020.50864 3.637978807e-12
438 7.877778044 99.81172113 151.1333377 139.1948426 10.75611318 -28020.56654 -28020.56654 -28020.56654 1.818989404e-11
439 7.877634147 99.79894628 151.126584 139.1928599 10.75110963 -28020.75119 -28020.75119 -28020.75119 1.091393642e-11
440 7.877515678 99.78727844 151.1208922 139.1913605 10.74665689 -28021.06463 -28021.06463 -28021.06463 7.275957614e-12
441 7.877422623 99.77654175 151.1162657 139.1903078 10.74282074 -28021.50554 -28021.50554 -28021.50554 7.275957614e-12
442 7.877361516 99.76647662 151.1126303 139.1896953 10.73956003 -28022.07376 -28022.07376 -28022.07376 1.455191523e-11
443 7.877333926 99.75683714 151.1099907 139.1894819 10.73686239 -28022.82655 -28022.82655 -28022.82655 1.091393642e-11
444 7.877326185 99.7475548 151.1083053 139.1896238 10.73472117 -28023.68915 -28023.68915 -28023.68915 3.637978807e-12
445 7.877334776 99.73866922 151.1076239 139.1901131 10.73315154 -28024.65297 -28024.65297 -28024.65297 1.091393642e-11
446 7.877362779 99.73015704 151.1080496 139.1909627 10.73217412 -28025.71333 -28025.71333 -28025.71333 7.275957614e-12
447 7.877409171 99.72199698 151.1095003 139.1921376 10.7317679 -28026.86636 -28026.86636 -28026.86636 3.637978807e-12
448 7.877472608 99.71422053 151.1119838 139.1936186 10.73193373 -28028.08075 -28028.08075 -28028.08075 3.637978807e-12
449 7.87755386 99.70690248 151.1155648 139.1953023 10.73269532 -28029.35648 -28029.35648 -28029.35648 1.455191523e-11
450 7.87765055 99.70017204 151.1202791 139.1972107 10.73407097 -28030.68637 -28030.68637 -28030.68637 1.818989404e-11
451 7.877759164 99.69425344 151.1261486 139.1993441 10.73607881 -28032.04483 -28032.04483 -28032.04483 1.091393642e-11
452 7.877884275 99.68941967 151.1332179 139.2017186 10.73875143 -28033.4203 -28033.4203 -28033.4203 1.091393642e-11
453 7.878016718 99.68596589 151.1414526 139.2042922 10.74210682 -28034.76913 -28034.76913 -28034.76913 7.275957614e-12
454 7.878156415 99.68416267 151.1508874 139.2069767 10.7461214 -28036.07354 -28036.07354 -28036.07354 7.275957614e-12
455 7.878302939 99.68425112 151.1614609 139.2097839 10.75080956 -28037.31823 -28037.31823 -28037.31823 0
456 7.878447043 99.6865895 151.1730205 139.2127087 10.75617987 -28038.48287 -28038.48287 -28038.48287 1.818989404e-11
457 7.878563467 99.69175406 151.1853084 139.2155974 10.76218419 -28039.2749 -28039.2749 -28039.2749 1.455191523e-11
458 7.878725197 99.69978984 151.1984887 139.2187576 10.76885309 -28040.07731 -28040.07731 -28040.07731 7.275957614e-12
459 7.878902932 99.71016045 151.2119771 139.2220631 10.77604289 -28040.8309 -28040.8309 -28040.8309 1.455191523e-11
460 7.879099265 99.7228989 151.2257466 139.2255289 10.78365048 -28041.50219 -28041.50219 -28041.50219 2.182787284e-11
461 7.879311541 99.73803237 151.2395004 139.2290691 10.79159147 -28042.09949 -28042.09949 -28042.09949 7.275957614e-12
462 7.879518199 99.75544945 151.2530782 139.2319953 10.79985577 -28042.53619 -28042.53619 -28042.53619 7.275957614e-12
463 7.879714675 99.7747838 151.2661558 139.2346438 10.80856086 -28042.7762 -28042.7762 -28042.7762 1.091393642e-11
464 7.879881378 99.79532109 151.2785299 139.2363995 10.81668519 -28042.80627 -28042.80627 -28042.80627 3.637978807e-12
465 7.880018618 99.81612195 151.2895282 139.2376366 10.82459274 -28042.64563 -28042.64563 -28042.64563 0
466 7.880133919 99.83622255 151.2993475 139.2386361 10.83241269 -28042.32253 -28042.32253 -28042.32253 7.275957614e-12
467 7.8802376 99.85473898 151.3079364 139.2395895 10.83998973 -28041.85966 -28041.85966 -28041.85966 0
468 7.880321115 99.87092051 151.3152012 139.2405099 10.84716774 -28041.3044 -28041.3044 -28041.3044 7.275957614e-12
469 7.880383635 99.88422673 151.3210877 139.2413374 10.85381993 -28040.64831 -28040.64831 -28040.64831 1.455191523e-11
470 7.880418348 99.89444566 151.3255243 139.2439459 10.86012919 -28039.88848 -28039.88848 -28039.88848 0
471 7.880432923 99.90151465 151.3290594 139.2441706 10.86532711 -28038.95962 -28038.95962 -28038.95962 3.637978807e-12
472 7.880455278 99.90523749 151.3316271 139.2442511 10.86987427 -28038.07137 -28038.07137 -28038.07137 1.818989404e-11
473 7.880439066 99.90575378 151.3333904 139.2441631 10.87393682 -28037.02343 -28037.02343 -28037.02343 1.091393642e-11
474 7.880423906 99.90349792 151.3350144 139.243957 10.87750779 -28035.9894 -28035.9894 -28035.9894 7.275957614e-12
475 7.880381806 99.89907377 151.3364977 139.2436175 10.88073089 -28034.7503 -28034.7503 -28034.7503 0
476 7.88036213 99.89312573 151.3386357 139.2434684 10.8837377 -28033.52545 -28033.52545 -28033.52545 3.637978807e-12
477 7.880323047 99.8862877 151.3414488 139.2433171 10.88658841 -28032.20497 -28032.20497 -28032.20497 0
478 7.880257156 99.87955894 151.3451716 139.2431668 10.88939871 -28030.64465 -28030.64465 -28030.64465 0
479 7.88022299 99.87340405 151.3501607 139.2432271 10.89229661 -28029.16582 -28029.16582 -28029.16582 3.637978807e-12
480 7.880179748 99.86822586 151.3561187 139.2432822 10.89523848 -28027.66952 -28027.66952 -28027.66952 1.091393642e-11
481 7.880110546 99.864783 151.362958 139.2432834 10.89826661 -28026.00588 -28026.00588 -28026.00588 3.637978807e-12
482 7.880079202 99.86321886 151.3705562 139.2434317 10.90142938 -28024.4986 -28024.4986 -28024.4986 3.637978807e-12
483 7.880054512 99.86347919 151.3785129 139.2435264 10.90455583 -28023.04476 -28023.04476 -28023.04476 7.275957614e-12
484 7.880037741 99.86587857 151.386321 139.2436644 10.9076121 -28021.62524 -28021.62524 -28021.62524 3.637978807e-12
485 7.880010759 99.87060134 151.3934789 139.2436011 10.91044946 -28020.0809 -28020.0809 -28020.0809 1.455191523e-11
486 7.880016083 99.87721575 151.4000417 139.2433664 10.9129048 -28018.72731 -28018.72731 -28018.72731 1.455191523e-11
487 7.880014295 99.88517955 151.405364 139.2429655 10.91500617 -28017.36527 -28017.36527 -28017.36527 3.637978807e-12
488 7.88003382 99.89406054 151.4095813 139.2425536 10.91672244 -28016.14018 -28016.14018 -28016.14018 1.091393642e-11
489 7.880069034 99.90325732 151.4126132 139.2420708 10.91797159 -28015.10085 -28015.10085 -28015.10085 0
490 7.880100232 99.91249987 151.4144031 139.241495 10.91871996 -28014.13872 -28014.13872 -28014.13872 1.818989404e-11
491 7.880147192 99.92153537 151.4150073 139.2408758 10.91903433 -28013.37453 -28013.37453 -28013.37453 1.818989404e-11
492 7.880194277 99.92997968 151.4143615 139.2399701 10.91937311 -28012.8412 -28012.8412 -28012.8412 3.637978807e-12
493 7.880251744 99.93758453 151.4129176 139.2391904 10.9191009 -28012.55504 -28012.55504 -28012.55504 0
494 7.880324109 99.94426341 151.4105166 139.2385302 10.91813984 -28012.50142 -28012.50142 -28012.50142 7.275957614e-12
495 7.880409959 99.95006262 151.4071212 139.2379867 10.91647875 -28012.65277 -28012.65277 -28012.65277 3.274180926e-11
496 7.880501229 99.95509697 151.4027826 139.2375137 10.91417646 -28012.97123 -28012.97123 -28012.97123 3.637978807e-12
497 7.88059671 99.95949016 151.3975296 139.2370534 10.91139669 -28013.41038 -28013.41038 -28013.41038 1.091393642e-11
498 7.880697019 99.96329484 151.3914723 139.236642 10.90799987 -28013.96546 -28013.96546 -28013.96546 7.275957614e-12
499 7.880793294 99.9664901 151.3846784 139.2362443 10.90393368 -28014.62077 -28014.62077 -28014.62077 1.091393642e-11
500 7.880878411 99.96902679 151.377146 139.2356587 10.89910164 -28015.35265 -28015.35265 -28015.35265 3.637978807e-12
